3.3478e+05
2.4589e+05
2.1105e+05
1.8473e+05
1.6807e+05
1.4777e+05
1.1253e+05
99315
95016
80661
72091
70707
58466
58131
54296
50935
45318
44049
40795
39586
36819
34862
33135
31347
30482
28803
27879
26696
25434
23580
22595
21936
20582
20223
19379
18577
17487
16741
16331
16021
15554
15281
14363
13650
13205
12875
12397
11968
11555
11014
10833
10616
10086
9839.9
9641.3
9258.8
9128.7
8801.3
8716.3
8453.8
8231.9
8198.4
7815.5
7607
7346.5
7078.7
6966
6729.9
6649.6
6472.6
6413.1
6238.6
6074.5
5926.9
5704.6
5608.1
5515.1
5304.6
5042.9
4889.2
4845.4
4815.5
4767.6
4650.3
4543.5
4491
4453
4266.4
4198.1
4107.9
3978
3909.9
3855.2
3793.7
3713.3
3688.6
3566.8
3548.1
3485.3
3433.9
3347.5
3245.3
3223.3
3132.6
3115.7
3052.4
2966
2899.1
2869.3
2804.4
2704.9
2683.9
2669.8
2650.8
2602.4
2576.3
2522.2
2492.3
2456.4
2404.9
2379.9
2354.8
2334.9
2286.1
2253.2
2214.3
2181.9
2150.1
2124
2080.1
2073.7
2031.1
2012
2007.6
1976.2
1956.4
1938.5
1899.6
1835
1805.5
1792.4
1755.5
1734.7
1716.8
1701
1690.7
1663.4
1637
1630
1606.7
1597.8
1584.3
1567.1
1551.3
1543.6
1515.6
1506.8
1457.4
1443.4
1429.8
1421.1
1398
1368.6
1354.2
1353.2
1344.1
1310.6
1302.3
1289.6
1283.7
1258
1246.8
1233.9
1226.1
1212.3
1211.4
1185.8
1178.8
1174.1
1164.7
1149.9
1132.7
1117.8
1115
1102.4
1100.4
1089.3
1088
1067.7
1065.1
1053.7
1043.3
1029.2
1024.5
1009.9
1007.5
1006.1
993.38
978.66
974.22
965.24
948.68
941.28
932.69
918.68
916.18
902.78
899.87
897.95
886.85
881.18
877.01
872.62
868.17
861.64
852.62
850.32
839.49
835.45
827.57
825.11
821.98
819.34
812.03
796.89
793.22
786.33
780.51
775.97
771.91
758.84
753.61
746.5
741.5
738.15
733.56
726.26
724.11
714.67
704.56
699.67
698.04
692.93
685.66
679.88
675.84
669.01
665.23
661.62
659.76
653.32
646.93
641.58
635.26
634.25
632.21
627.7
626.1
622.9
616.79
606.83
603.07
600.46
595.75
592.45
588.85
587.68
579.57
577.37
575.86
570.97
564.19
562.85
559.84
557.16
550.93
550.39
545.49
543.92
540
533.72
530.38
527.56
521.4
518.13
516.48
511.8
509.23
503.76
501.09
492.68
492.49
490.88
487.16
485.69
481.87
475.07
471.99
468.33
465.14
464.14
461.55
458.09
454.28
449.01
446.05
441.39
439.04
436.03
434.78
432.29
429.78
425.91
420.81
420.06
416.15
415.06
412.36
408.71
406.03
402.59
397.46
396.15
393.4
390.2
388.68
383.77
378.75
377.61
375.51
374.92
372.51
370.18
367.16
366.49
364.28
358.73
358.5
353.94
351.01
348.11
345.44
342.6
341.48
338.54
333.15
333.03
330.67
324.9
323.24
319.52
317.89
314.49
312.77
310.79
309.17
307.74
305.56
303.29
300.58
299.19
294.97
292.06
292.03
290.64
287.88
284.1
283.32
282.14
277.67
273.72
271.3
269.16
267.98
265.98
263.06
260.13
257.31
254.92
251.29
250.71
249.12
248.09
246.41
244.77
238.83
237.62
235.42
233.04
230.15
228.35
226.11
223.23
219.38
216.03
215.21
210.55
208.65
206.98
204.27
201.92
200.07
198.33
197.47
193.24
192.62
188.85
187.03
185.29
184.84
182.45
181.18
179.25
176.42
176.01
173.93
171.99
169.47
169.18
165.73
162.13
160.87
158.36
157.77
156.53
152.37
149.78
147.37
146.29
145.7
143.61
141.19
139.07
138.74
137.71
131.76
130.21
129.38
128.71
127.77
125.31
123.92
121.25
120.65
119.39
118.25
116.83
115.81
114.04
113.74
110.37
108.37
107.47
105.84
103.56
102.4
101.12
99.894
99.206
97.673
97.043
95.798
92.348
91.629
87.993
87.802
87.256
85.26
84.943
83.724
83.235
82.53
81.105
79.183
77.882
76.814
74.767
73.419
72.854
72.51
71.377
70.905
69.751
68.548
67.937
66.881
64.926
64.717
63.729
62.426
61.423
60.819
59.856
59.242
55.336
54.285
53.895
53.774
52.517
52.134
51.541
50.632
49.655
49.108
48.781
47.709
47.585
46.975
46.052
45.494
45.214
43
42.344
42.288
42.03
40.683
40.035
39.938
39.803
39.381
38.025
37.532
36.6
35.881
35.623
35.384
33.854
32.622
31.932
31.544
31.13
30.819
30.615
29.438
29.225
28.122
27.481
27.145
26.506
26.34
25.582
25.405
24.991
24.223
23.831
22.96
22.759
22.239
22.117
20.886
20.686
20.04
19.447
19.021
18.679
18.325
17.869
17.787
17.529
17.198
16.922
16.487
16.329
15.588
14.97
14.71
14.463
13.903
13.726
13.644
13.161
13.094
12.98
12.215
11.708
11.582
11.218
10.721
10.472
10.435
10.258
9.72
9.3032
9.151
8.9916
8.9497
8.7376
8.6413
8.4115
8.1348
7.936
7.7782
7.674
7.5449
7.3397
7.0685
6.6962
6.4449
6.1219
6.052
6.0353
5.6775
5.5212
5.4641
5.407
5.0829
4.9264
4.783
4.7489
4.4034
4.3907
4.2558
4.1428
4.0569
3.9005
3.7182
3.6593
3.4481
3.2492
3.1658
2.9958
2.959
2.8718
2.8417
2.7457
2.6882
2.6301
2.4661
2.3988
2.3882
2.3753
2.2435
2.1912
2.1318
2.0608
1.9043
1.8687
1.7837
1.7551
1.7024
1.6827
1.6549
1.3039
1.2781
1.2457
1.2121
1.1121
1.1109
1.0901
1.0539
1.031
0.96684
0.85347
0.84403
0.80326
0.79066
0.75211
0.70612
0.67878
0.65181
0.65042
0.639
0.60206
0.58693
0.5673
0.38568
0.37656
0.31132
0.29972
0.25764
0.25688
0.23665
0.23401
0.1768
0.16495
0.1583
0.14667
0.13532
0.13056
0.11118
0.080759
0.07603
0.071027
0.067696
0.066412
0.060532
0.058708
0.052184
0.045226
0.040575
0.033676
0.025499
0.024297
0.019765
0.013092
0.011365
0.0069116
0.0063772
0.0029787
0.00055737
0.00036543
0.00030457
6.0363e-05
5.4996e-05
2.0761e-11
1.6567e-11
1.0753e-11
9.6798e-12
6.0262e-12
5.3519e-12
4.6489e-12
4.3086e-12
2.6435e-12
2.0642e-12
1.5699e-12
1.5106e-12
1.3259e-12
8.9991e-13
7.6465e-13
7.1649e-13
5.5292e-13
4.589e-13
3.1453e-13
2.9127e-13
1.5603e-13
1.295e-13
9.3545e-14
8.0933e-14
7.0565e-14
6.1948e-14
4.4781e-14
2.4469e-14
8.0434e-15
5.5667e-15
2.6303e-15
1.5105e-15
9.2332e-16
6.4569e-16
3.4854e-16
1.1712e-16
1.7362e-17
1.4379e-17
4.8277e-18
3.6303e-18
2.3005e-18
1.8689e-18
1.2829e-28
7.5068e-29
6.0134e-29
2.5823e-29
2.4771e-29
4.0817e-30
8.8286e-45
4.223e-45
2.6551e-45
7.9116e-48
3.8082e-61
3.7046e-61
1.1359e-61
4.1733e-63
1.7535e-77
1.1812e-77
6.3202e-78
2.6936e-79
2.4519e-93
1.2748e-93
8.8404e-94
1.5857e-95
0
0
0
0
0
0
0
0
0
0
0
0
0
0
0
0
